119 98
261 211 204
119 98 149 243
140 110 121 11 57 128
140 110 121 11 57 128
21 24
21 24
21 24
21 100 24
21 100 107 24
21 107 24
21 102 120 24
102 120 24
64
64 21 90
64 21 90
64 21 90
39 13 251
39 13 241
39 61 174 131
39 61 131
39 61 269 13 195 164
147 180
253 76 11 62
124 76 11 62
14 237 62
88 11 13 72
88 11 13 72
88 11 13 72
31 19
246 219 227
199 281
245
31 19
16 18
16 18
16 18
157
188
16
16 18
16 18
16 18
16 18
16 18
16 18
16 18
16 18
14 4 244 4 5
82 74 32 185 172
279 94 144
226 94 144
112 101
112 101 256 150
200 222
14 4 173 4 262
161
87 56 13 53 11 78
87 56 13 53 11 78
87 56 13 53 11 78
96 116 109 93 137 198 92
96 116 109 93 137 201 15 178 92
31 19
155 236
122 114
122 114
282 159 212 194 55
30 105
14 4 59 4 170
14 4 59 4 69 4 66 4 65
59 32
82 74 32
73 84 32
81
270 181 247 162
14 4 59 4 69 4 66 4 65
14 4 191 4 69 4 66 4 65
82 74 32
73 84 32
73 84 32
81
13 124 76 11 62
31 220
31 19
31 19
31 19
23 23 54
13 143 126 57 123 108
13 143 126 57 123 108 23 23 54
235 230 160 39
145 61
83 85
83 85
83 85
141 117
141 117
91 136
91 136
104 111 55
104 111 55
265 167
81
278 267
277 105
29 34 11 33
29 34 11 33
29 34 11 33
29 34 11 33
29 34 11 33
29 34 11 33
29 15 17 142 118
29 15 17 142 118
53 115 99
53 115 99
97 132 133 125 127
97 132 133 125 127
175 55
36 42
36 42
36 42 63 23
36 42 63 23 67
36 42 63 23 67
36 42 63 23 67
25 4 5
25 4 5
216
10
10
10
10
10
10
10
10 20
10 20
10 20
10 20
10 20
10 20
10 20
10 20
10 20
10 20
10 20
7 8 6
7 8 6
7 8 6
7 8 6
7 8 6
7 8 6
7 8 6
7 8 6
7 8 6
7 8 6
7 8 6
7 8 6
7 8 6
7 8 6
7 8 6
7 8 6
7 8 6
7 8 6
7 8 6
7 8 6
7 8 6
129
25 4 5
89 80
89 80
89 80
38 106
38 106
12
156 153
240
103
103
25 4 5
10
70 77 79 71
224
12
12
12
273 215 276
12
12
12
70 77 79 71
70 77 79 71
129
25 4 5
25 4 5
25 4 5
25 4 5
68
68
68
202 146 186 56 55
12
58
214
58
58
38
38
12
12
35 41
35 41
35 41
35 41
35 41
14 4 35 41 4 5
26
130
26
130
26
26
12
12
12
58
38
26
43 45
26
38
26
26
43 45
43 45
43 45
43 45
12
12
254
165 139
179 139
50 51
50 51
50 51
50 51
50 51
9 4 5
60 4 5
60 4 5
14 4 60 4 5
60
22 9
14 4 9 4 138 4 135 134
14 4 9 4 138 4 135 134
9 28 15 17 22 9
9 28 15 17 22 9 4 5
9 28 15 17 22 9 4 5
9 28 15 17 22 9 4 5
9 28 15 17 22 9 4 5
9 28 15 17 22 9 4 5
9 28 15 17 22 9 4 5
9 28 15 17 22 9 4 5
86 168
37 30 40 213
242 27
86 113 27
86 113 27
260 209
249 15 17 231 264
171
190 203
239
192
187
225 221 163
196
189 4 151 4 5
248 259 205 275
14 4 271
166 158
232 258 13 218
177 210 154 274
255
207 252
46 27
46 27
46 27
46 27
46 27
228
169
37 30 40
37 30 40
37 30 40
37 30 40
233 148 223
37 30 40
14 4 263 4 5
49 19 52
49 19 52
49 19 52
49 19 52
49 19 52
75 54
75 54
75 54
183 280
197 152
238 13 229 95
208 95 4 23
48 44 47
48 44 47
48 44 47
48 44 47
48 44 47
266 234 257
272 206 15 17 176 193
217
268 184 250 182
