542 4 5
8 4 489 4 5
257 4 5
257 4 5
8 4 327 4 5
8 4 327 4 5
556 4 166
603 4 628
333
333
532 4 380
8 4 609 4 176
8 4 435
120 274 120
120 274 120
196 4 151 4 90
196 4 151 4 90
151 4 90
196 4 151 4 90
578 4 5
424 4 583 4 5
698 4 5
597 575 645
8 4 670 4 391 4 90
396 4 5
569 4 5
548 4 5
139
139
565 4 5
642
250 4 5
449 4 5
107 27 4 27 107 27 12 107 27 12 27 12 27 12 27
107 27 4 27 107 27 12 107 27 12 27 12 27 12 27
421 4 5
479
459 4 5
139
139
308 4 5
147 4 5
516 4 5
8 4 566 4 5
549 4 5
92 4 5
63
8 4 675 4 90
63
98
98
98
98
98
98
63
131 4 114
131 4 5
407
408 4 611
662 652 485
8 4 705 4 5
484 4 650 4 5
398 4 5
8 4 468 4 90
8 4 581 4 5
8 4 535 4 5
488 4 5
306 4 5
306 4 5
8 4 438 4 5
703 4 541 4 5
8 4 627 4 5
634 531
514
79 8 4 163 4 5 169 72 71 72 25 143 71
79 8 4 163 4 5 169 72 71 72 25 143 71
260 40 260 696 40 79 8 4 163 4 5 169 72 71 72 25 143 71
79 8 4 163 4 5 169 72 71 72 25 143 71
8 4 490 4 5
557 4 614 4 5
8 4 237 4 5
8 4 237 4 5
8 4 237 4 5
560
8 4 393 4 5
654
8 4 96 4 5
362
362 4 5
602 4 5
8 4 96 4 5
8 4 96 4 5
311 78 282
311 78 282
21 225 67 95
21 102 12 16 67 95
21 102 12 16 67 95
21 102 12 16 67 95 337 342 325
21 102 12 16 67 95 337 342 325
21 225 67 114 4
21 102 12 16 67 114 4
8 4 96 4 5
8 4 267 711 4 5
267 397 85
262 148
262 148
329 253 375
520 35 21 682
329 253 375
8 4 96 4 5
8 4 96 4 5
21 225 67 95
365 148
365 148
635 683 411
255 371 319
255 371 319
405 619
8 4 618 4 5
298 4 5
708 4 5
617
377 205 36
377 205 36 313
202 189
202 189
202 189
170 74 46 61 36
170 74 46 61 36
75 74 46 61 36
75 74 46 61 36
294 75 74 46 61 36
294 75 74 46 61 36
706 497
561 321 66 61 36
195 321 66 61 36
418 4 5
142 4 298 4 5
243 242 453 522
243 242 195
243 242 195 313 36
8 4 577 4 5
8 4 712 4 5
8 4 486 4 5
250 502 567
363 351 305 331
363 351 305 331
632 184 66 387
289
289
144
144
144
144
198 74 46
198 74 46
198 693 36
669 475 381 43 401
54 160
54 160 75
54 160 75
54 160
8 4 272 4 5
8 4 272 4 5
343 249 296
461 530 343 249 296 400
478
8 4 707 4 5
448
82 663 525 56 83 501 704 595 664
8 4 592 4 5
34
427 4 546 4 5
8 4 318 4 5
8 4 318 4 5
8 4 204
8 4 573 4 5
24 69
24 69
24 69
24 69
24 69
24 119 238
24 119 238
24 119 238
24 69
24 69
24 436
131 4 596
457 534 4 5
24 4 176
34
613 4 428 4 5
34
34 4 114
24 4 176
24
131 4 114
24 69
79 8 4 16 4 94 4 349 4 367 4 261 4
79 8 4 16 4 94 4 349 4 367 4 261 4 412
8 4 519 562 4 5
8 4 649 4 5
8 4 297
8 4 297 4 5
8 4 147 4 5
8 4 335 5
8 4 335 4 5 147
147
640 4 131 4 5
687
209
209
209
234 231
599 709 517
307
307 66 504
28 4 32
57 177 183
75 57 177 183
75 57 177 183
191 590 12 16 173
402
713
138 4 5
138 4 5
138 4 5
278 290 334
44 278 290 334
34
28 4 32
138 4 5
141 19 22 18 15 14 162
141 19 22 18 15 14 162
141 19 22 18 15 14 162
141 19 22 18 15 14 162
19 22 18 15 14 142 241
19 22 18 15 14 142 241
19 22 18 15 14 142 241
51 52 35 414 605 18 15 14
19 22 51 52 18 15 14
19 22 51 52 18 15 14
19 22 51 52 18 15 14
19 22 51 52 18 15 14
19 22 51 52 18 15 14
19 22 51 52 18 15 14
19 22 51 52 18 15 14
51 52 18 15 14
51 52 18 15 14
19 22 18 15 14 86
19 22 18 15 14 86
246 184
302 4 5
214 171 64 78
214 171 64 78
214 171 64 78
191 376 173
191 376 173
84
84 360 310
84 360 310
84
84
84
84
646
552
34
34
354 679 120
547
425 4 5
344 4 32
344 4 32
28 4 32
59 322 103
227 639 518
227 633 175
59 322 103
227 643 641
604
63
636 4 59
657 392 229
28 4 32
699 403
429 4 5
558 591 40 102
660 19
273 330 268
273 330 268
197 35 210 125 680
197 35 210 125 229 348
197 35 210 125 229 348
697 623 213
364 235 315 213 350
364 235 315 213 350
62 77 201
62 77 201
62 77
62 77
62 77 240 215 224 220
62 77 240 215 224 220
62 77 240 215 224 220
62 4 508 4 5
86
159
82
512 4 5
467 4 629 550 714
34
419 686
23 103
92 4 5
465 12 16 606
23 219
23 219
23 219
460 201
59 234 231
59 234 231
73 44 80
73 44 80
73 44 507
44 589 442 451
73 44 80
73 44 80
73 44 80
73 44 80
73 44 80
81
81
8 4 81 4 5
8 4 81 4 5
8 4 81 4 5
7 6
7 6
7 6
7 6
395
420
91 270
91 270
20
20
20
81
81
7 6
7 6
7 6
7 6
7 6
20
7 6
20
20
20
20
20
20
7 6 690
7 6
20
20
20
20
20
20
7 6
7 6
7 6
7 6
94
4 5
7 6
7 6
7 6
116 648 41 651
41 45 506
41 45 124
41 45 116 145 165
41 45 116 145 165
41 45 116 145 165
41 45 116 145 165
466 4 5
450 4 5
621 4 5
91 168 4 5
91 168 4 5
49
49
49 316
49 316
49
49
49
49
49
7 6
49
345 200
445 200
345 200
653 661 417 492
182 426
20
7 6
7 6
7 6
7 6
7 6
7 6
7 6
7 6
7 6
7 6
7 6
7 6
7 6
7 6
7 6
7 6
7 6
7 6
7 6
7 6
7 6
7 6
7 6
7 6
7 6
7 6
7 6
7 6
7 6
7 6
7 6
7 6
7 6
7 6
7 6
7 6
7 6
7 6
7 6
7 6
7 6
7 6
12 667 178 430 25 539 585 6
7 6
7 6
7 6
7 6
7 6
7 6
7 6
7 6
7 6
7 6
7 6
7 6
7 6
7 6
7 6
137 4 5
137 4 5
137 4 5
137 4 5
21 226 216 179
21 226 216 179
21 226 216 179
471
463
7 6
7 6
7 6
7 6
7 6
7 6
7 6
7 6
7 6
91 168 4 5
91 168 4 5
415
63
41 45 124
41 45 124
41 45 124
41 45 124 464
521 4 5
264
487 4 5
624
275 340
21 647 43 21 593 275 340
347 4 5
347
483
710
89
89
89
89
89
89
89
135
135 4 5
355 4 5
264 4 5
355 4 5
8 4 135 4 5
8 4 135 4 5
336 352 338 281
336 352 338 281
356 323
356 323
158 4 152 4 5
158 4 152 4 5
26 4 5
4 5
8 4 416 4 5
388
568 4 5
34
598
452 586
158 4 152 4 5
34
34
158 4 152 4 5
269
269
638
676 571
246 184
555
674 494
79 8 4 292 292
326
326
373 378 221 244
386 221 244
373 378 221 244
63
63
63
8 4 433 444 4 5
8 4 658 4 5
8 4 21 533 276 4 5
8 4 21 526 276 4 5
8 4 233 111 228 186 4 5
8 4 233 111 228 186 4 5
8 4 233 111 228 186 4 5
8 4 410 673 4 5
8 4 167 4 167 4 341 4 5
8 4 167 4 167 4 341 4 5
8 4 280 332 4 5
8 4 477 4 5
8 4 357 4 5
8 4 357 4 5
8 4 266 12 16 4 5
8 4 515 12 16 263 284 4 5
8 4 266 12 16 263 284 4 5
8 4 293
8 4 607
155 136
155 136
155 136
155 136
170 101 85
68
68 85 482
68 85 130
68 101 85 130
68 101 85 130
68 101 85 130
295 379 256
295 379 256 28
384
8 4 117 4 5
8 4 117 4 5
245
8 4 117 4 5
8 4 117 4 5
8 4 117 4 5
127 122
127 122
127 122
127 122
127 122
302 612
389
9 56
212 56
9 146
666 4 406 4 166
354 4 166
303 437 57
303 431 12 16 57
106 110 88 65 43 286 68 65
106 110 88 65 43 286 68 65
9 56 83
564 4 166
283 239 409
283 239 540
9 29 47
9 29 47
9 29 47
9 29 47
9 29 47
9 29 47
9 29 47
9 29 47 181
9 29 47 181 121 113
9 29 47 181 121 113 153
121 113 153
121 113 153
121 113 153
9 251
9 251
212 56
9 56
109 37
109 37
109 37
109 37
109 37
109 37
37
37
37
37
37
37
8 4 432 4 28 4 32 434
404 601 500
523 469 600
119 259
232
232 161
232 161
86
82
536 130
382
440 439 615 692
100 4 5
665
70
70
70
70
70 180 164
70 180 164
70 180 164
70
39 13 10
39 10
39 10
39 10
39 10
39 10
39 10
39 10
39 10
39 10
39 10
39 10
223
574 656
223
223 9
684 279 175
279 175
13 10
528
694
23 38 194
23 38 194
23 38 194
156 691 40 101
100
100
385
100
156
100
156
10 132
10 132
10 132
204
204
359 28 339 103
359 28 339 103 470 671
620 544
9 150
317 4 5
317
644
695
26 55 48
26 55 48
26 55 48
26 55 48
26 55 48
26 55 48 115
26 55 48 115
26 55 48 115
26 55 48 115
625
287
287 584
245
13 17
13 17
689
11 13 17
11 13 17
11 13 17
413 31 527
11 10
11 10
11 10
11 10
11 10
11 10
11 10
11 10
11 10
11 10
11 10
11 10
11 10
11 10
11 10
11 10
11 10
11 10
11 10
11 10
11 10
11 10
11 10
53 50
53 50
53 50
53 50
53 50
97 35 64 53 50
97 35 64 53 50
97 35 64 53 50
97 35 64 53 50
97 35 64 53 50
34
312
312
10 132
174 11
174 11
174 11 10
513
245
42 631 17 76
42 13 17 76
42 13 17 76
42 13 17 76
42 13 17 76
42 13 17 76
42 13 17 76
42 13 17 76
358
86
700 474
87 29 43 40 149
87 29 43 40 149
87 29 43 40 149
87 29 43 40 149
125 324 277 366 35 178 372 43 291 46
125 324 277 366 35 178 372 43 291 46 87
17 4 5
481 570 59
82
82
443
129 118
129 118
129 118
129 118
681 503
399
119 259
159
86
82
129 118
13 17
13 17
13 17
13 17
33 13 17 30 580
423 498
206 12 16 30 33 31
206 12 16 30 33 31
206 12 16 30 33 31
33 31
33 31 9
33 31 9
33 31 9
33 31 9
33 31 9
33 31 9
33 31 9
33 31 9
576
370
473
58 108 23 38
58 108 23 38
58 108 23 38
58 108 23 38
23 38 58 108
23 38 58 108
23 38 58
23 38 58
23 38 58
10 538
374
374
159
133
133
133
496 4 5
491
472 164
608 40 390
92
92
309 4 59
309 4 59
511
133
588
112 4 5
112 4 5
112 4 5
112 4 5
112 4 5
30 93 104
30 93 104
346 93 104
346 93 104
30 93 104
30 93 104
285 217
9 480 493
126 563
537 4 5
308 4 5
86 4 5
626
394
190 65 66 126 106 110
190 65 66 126 106 110
106 110 499 65 66 126
106 110 88 190 65 66 126
87 252
9 56 83
441
9 146 57
9 146 57
212 56
422 157 83
199 157 83
199 157 83
358 4 5
462 161 314
161 314
123
123
123
123
123
248 304 25 30 9
248 304 25 30 9
185 128
185 128 54
54 185 128
54 288 78 128
288 78 128
34
370 101 678 103
87 56 252
100
156
320 553
320 559
616
454
92
668
82
159 4 5
476
701 134
301 134
301 134
510 637
105 140
105 140
105 140
105 140
368 111 105
368 111 105
30 12 16 203 211 222 172
30 12 16 203 211 222 172
30 12 16 203 211 222 172
218 208
218 208
218 208
154
154
154
154
236
236
236
92
230
265
265 134
280 332
630 31 361
572 361
8 4 258 4 5
8 4 258 4 5
207
207
207
60 25 9
60 25 9
60 25 9
60 25 9
60 25 9
60 25 9 369
60 25 9 369
60 25 30 9
594 217
285 217
9 150
9 150
9 150
328 299
328 299 9
702 205
230
230 458
610 88 239
655 383
545
582
9 235 43 554
505 4 28 4 32
672 4 28 4 32
495 4 28 4 32
4 28 4 32
28 4 32
28 4 32
199 157 83
622 455 57
9 146 57
688
543
42 26 99
42 26 99
42 26 99
247 446 99
247 54 99
293 94 300
48 115 524 659
587 5
353 5
353 5
456 54 99
97 35 551 529 579 677
254
254
685 300
182 40 94 88 509 192
182 40 94 88 26 192
447 88 26 192
193 188 187
193 188 271 187
193 188 271 187 9
